layer index    layer type  filter number   filter shape(HWCK)
1 conv2d_1 16 [3, 3, 3, 16]
4 conv2d_2 16 [3, 3, 16, 16]
7 conv2d_3 16 [3, 3, 16, 16]
11 conv2d_4 16 [3, 3, 16, 16]
14 conv2d_5 16 [3, 3, 16, 16]
18 conv2d_6 16 [3, 3, 16, 16]
21 conv2d_7 16 [3, 3, 16, 16]
25 conv2d_8 32 [3, 3, 16, 32]
28 conv2d_9 32 [3, 3, 32, 32]
29 conv2d_10 32 [1, 1, 16, 32]
33 conv2d_11 32 [3, 3, 32, 32]
36 conv2d_12 32 [3, 3, 32, 32]
40 conv2d_13 32 [3, 3, 32, 32]
43 conv2d_14 32 [3, 3, 32, 32]
47 conv2d_15 64 [3, 3, 32, 64]
50 conv2d_16 64 [3, 3, 64, 64]
51 conv2d_17 64 [1, 1, 32, 64]
55 conv2d_18 64 [3, 3, 64, 64]
58 conv2d_19 64 [3, 3, 64, 64]
62 conv2d_20 64 [3, 3, 64, 64]
65 conv2d_21 64 [3, 3, 64, 64]
